0.29 0.34 0.95 0.77 0.73 0.68 0.23 0.67 0.99 0.67 0.07 0.29 0.94 0.49 0.08 0.29 0.25 0.34 0.21 0.99 
0.39 0.59 0.36 0.82 0.32 0.09 0.27 0.56 0.94 0.91 0.27 0.23 0.26 0.23 0.01 0.99 0.91 0.24 0.66 0.90 
0.91 0.74 0.18 0.85 0.22 0.26 0.14 0.47 0.60 0.35 0.46 0.99 0.94 0.82 0.81 0.26 0.91 0.09 0.81 0.85 
1.00 0.09 0.09 0.25 0.31 0.09 0.24 0.22 0.33 0.91 0.12 0.24 0.64 0.30 0.09 0.87 0.56 0.23 0.34 0.16 
0.58 0.80 0.15 0.52 0.62 0.96 0.77 0.53 0.05 0.59 0.38 0.04 0.67 0.47 0.30 0.99 0.56 0.54 0.20 0.90 
0.45 0.32 0.14 0.09 0.62 0.23 0.95 0.18 0.46 0.29 0.33 0.04 0.09 0.49 0.56 0.70 0.45 0.33 0.23 0.50 
0.92 0.62 0.54 0.59 0.09 0.84 0.58 0.65 0.38 0.78 0.55 0.82 0.10 0.69 0.91 0.72 0.92 0.86 0.89 0.38 
0.15 0.23 0.43 0.24 0.71 0.99 0.95 0.16 0.32 0.18 0.66 0.24 0.80 0.20 0.83 0.88 0.04 0.40 0.53 0.41 
0.18 0.08 0.24 0.28 0.76 0.15 1.00 0.68 0.02 0.89 0.07 0.17 0.12 0.49 0.41 0.84 0.48 0.36 1.00 0.80 
0.54 0.66 0.03 0.33 0.85 0.86 0.21 0.89 0.27 0.74 0.30 0.45 0.82 0.54 0.73 0.58 0.69 0.73 0.27 0.71 
0.62 0.33 0.88 0.75 0.83 0.29 0.58 0.30 0.65 0.58 0.10 0.19 0.24 0.14 0.52 0.09 1.00 0.73 0.98 0.26 
0.47 0.28 0.71 0.29 0.83 0.44 0.88 0.52 0.18 0.14 0.23 0.80 0.47 0.11 0.55 0.30 0.40 0.13 0.60 0.05 
0.71 0.71 0.24 0.95 0.84 0.76 0.04 0.84 0.49 0.02 0.10 0.97 0.30 0.82 0.26 0.12 0.26 0.14 0.64 0.44 
0.28 0.88 0.24 0.75 0.99 0.78 0.05 0.39 0.91 0.66 0.45 0.62 0.36 0.69 0.57 0.21 0.45 0.60 0.05 0.94 
0.62 0.15 0.91 0.92 0.97 0.17 0.04 0.23 0.31 0.69 0.67 0.58 0.56 0.90 0.34 0.55 0.69 0.39 0.94 0.60 
0.05 0.39 0.22 0.41 0.08 0.78 0.62 0.53 0.39 0.66 0.47 0.01 0.81 0.38 0.92 0.78 0.56 0.96 0.01 0.86 
0.65 0.68 0.45 0.21 0.58 0.79 0.76 0.27 0.18 0.70 0.86 0.22 0.09 0.08 0.63 0.17 0.87 0.25 0.70 0.25 
0.91 0.17 0.26 0.73 0.56 0.18 0.51 0.11 0.14 0.52 0.98 0.79 0.20 0.43 1.00 0.78 0.21 0.76 0.04 0.39 
0.46 0.91 0.61 0.55 0.99 0.25 0.71 0.86 0.50 0.41 0.11 0.41 0.58 0.37 0.14 0.14 0.55 0.65 0.25 0.69 
0.17 0.23 0.48 0.36 0.65 0.48 0.14 0.87 0.23 0.18 0.25 0.69 0.09 0.87 0.23 0.08 0.11 0.95 0.94 0.61 


0.36 0.05 0.02 0.94 0.42 0.16 0.08 0.97 0.81 0.33 0.66 0.98 0.56 0.14 0.34 0.21 0.62 0.48 0.07 0.85 
0.66 0.33 0.54 0.75 0.19 0.78 0.83 0.30 0.72 0.77 0.91 0.08 0.82 0.93 0.02 0.24 0.09 0.10 0.21 0.90 
0.43 0.87 0.88 0.99 0.02 0.21 0.20 0.64 0.69 0.27 0.49 0.35 0.60 0.03 0.11 0.79 0.81 0.94 0.09 0.53 
0.72 0.01 0.61 0.54 0.94 0.64 0.78 0.03 0.74 1.00 0.93 0.17 0.87 0.80 0.16 0.89 0.02 0.35 0.53 0.71 
0.62 0.02 0.06 0.22 0.05 0.17 0.01 0.86 0.11 0.10 0.39 0.83 0.11 0.01 0.37 0.04 0.64 0.15 0.07 0.38 
0.15 0.00 0.55 0.02 0.81 0.71 0.91 0.82 0.06 0.43 0.53 0.68 0.45 0.60 0.90 0.50 0.77 0.90 0.36 0.88 
0.00 0.75 0.71 0.11 0.76 0.07 0.15 0.40 0.22 0.22 0.78 0.37 0.23 0.33 0.39 0.03 0.04 0.29 0.86 0.10 
0.73 0.39 0.78 0.17 0.99 0.67 0.67 0.76 0.58 0.03 0.64 0.58 0.78 0.34 0.69 0.54 0.42 0.84 0.94 0.64 
0.07 0.72 0.01 0.29 0.06 0.40 0.32 0.10 0.69 0.18 0.20 0.42 0.57 0.98 0.59 0.56 0.65 0.26 0.31 0.23 
0.30 0.95 0.81 0.08 0.30 0.50 0.62 0.71 0.34 0.56 0.36 0.41 0.28 0.37 0.70 0.34 0.76 0.02 0.44 0.46 
0.20 0.64 0.87 0.77 0.62 0.46 0.33 0.27 0.73 0.64 0.50 0.02 0.59 0.31 0.10 0.89 0.81 0.72 0.60 0.15 
0.28 0.96 0.55 0.56 0.32 0.25 0.90 0.09 0.27 0.34 0.54 0.47 0.98 0.42 0.24 0.60 0.88 0.57 0.87 0.61 
0.21 0.38 0.63 0.80 0.69 0.74 0.69 0.49 0.46 0.29 0.64 0.74 0.25 0.19 0.30 0.57 0.44 0.21 0.65 0.72 
0.55 0.20 0.19 0.53 0.61 0.43 0.14 0.49 0.00 0.01 0.10 0.21 0.39 0.73 0.02 0.07 0.47 0.70 0.57 0.93 
0.99 0.21 0.67 0.24 0.40 0.97 0.81 0.84 0.18 0.46 0.56 0.73 0.66 0.75 0.26 0.27 0.18 0.40 0.77 0.18 
0.41 0.87 0.40 0.80 0.60 0.41 0.88 0.07 0.12 0.45 0.00 0.11 0.65 0.67 0.35 0.05 0.65 0.16 0.90 0.83 
0.62 0.46 0.56 0.28 0.20 0.82 0.55 0.38 0.22 0.32 0.57 0.64 0.19 0.97 0.44 0.79 0.38 0.32 0.87 0.50 
0.76 0.87 0.61 0.42 0.55 0.96 0.47 0.19 0.12 0.37 0.02 0.74 0.82 0.57 0.02 0.03 0.39 0.57 0.41 0.61 
0.90 0.98 0.25 0.09 0.94 0.69 0.88 0.32 0.01 0.75 0.82 0.77 0.62 0.43 0.19 0.17 0.39 0.65 0.36 0.51 
0.02 0.38 0.25 0.84 0.95 0.27 0.87 0.34 0.84 0.28 0.96 0.74 0.25 0.21 0.83 0.20 0.90 0.71 0.52 0.91 


0.46 0.34 0.68 0.08 0.76 0.87 0.25 0.15 0.52 0.61 0.66 0.54 0.99 0.91 0.38 0.94 0.18 0.25 0.29 0.02 
0.52 0.25 0.76 0.78 0.46 0.59 0.97 0.36 0.30 0.49 0.27 0.76 0.83 0.95 0.84 0.59 0.82 0.09 0.75 0.34 
0.71 0.41 0.88 0.70 0.32 0.26 0.65 0.49 0.50 0.94 0.52 0.03 0.18 0.28 0.80 0.64 0.86 0.78 0.00 0.16 
0.27 0.28 0.92 0.09 0.23 0.76 0.69 0.05 0.86 0.43 0.38 0.56 0.84 0.26 0.27 0.16 0.52 0.91 0.65 0.02 
0.85 0.17 0.05 0.03 0.45 0.85 0.68 0.31 0.63 0.68 0.47 0.89 0.96 0.39 0.99 0.19 0.15 0.68 0.23 0.00 
0.11 0.62 0.57 0.95 0.87 0.84 0.11 0.39 0.75 0.77 0.41 0.60 0.93 0.45 0.63 0.38 0.30 0.31 0.69 0.93 
1.00 0.16 0.83 0.96 0.55 0.81 0.14 0.70 0.49 0.38 0.70 0.60 0.99 0.27 0.55 0.87 0.11 0.66 0.26 0.86 
0.43 0.66 0.46 0.36 0.12 0.09 0.74 0.42 0.41 0.43 0.36 0.40 0.59 0.18 0.36 0.14 0.99 0.50 0.84 0.49 
0.88 0.55 0.09 0.87 0.82 0.64 0.74 0.93 0.30 0.99 0.78 0.73 0.66 0.24 0.09 0.78 0.33 0.84 0.20 0.74 
0.27 0.55 0.14 0.86 0.74 0.50 0.01 0.73 1.00 0.85 0.21 0.88 0.39 0.30 0.75 0.21 0.94 0.48 0.14 0.24 
0.47 0.92 0.97 0.13 0.16 0.06 0.90 0.50 0.90 0.10 0.24 0.17 0.66 0.38 0.03 0.39 0.88 0.04 0.12 0.88 
0.89 0.34 0.75 0.28 0.64 0.50 0.50 0.58 0.98 0.63 0.81 0.45 0.56 0.78 0.58 0.72 0.84 0.49 0.22 0.74 
0.59 0.45 0.91 0.25 0.83 0.94 0.64 0.71 0.98 0.77 0.58 0.87 0.10 0.34 0.15 0.74 0.83 0.65 0.32 0.81 
0.28 0.13 0.27 0.83 0.91 0.85 0.55 0.76 0.34 0.77 0.50 0.93 0.22 0.41 0.18 0.05 0.35 0.82 0.76 0.33 
0.58 0.35 0.20 0.69 0.68 0.35 0.43 0.51 0.99 0.74 0.33 0.27 0.88 0.59 0.11 0.79 0.44 0.66 0.55 0.78 
0.43 0.05 0.70 0.65 0.46 0.88 0.71 0.82 0.70 0.47 0.15 0.28 0.82 0.35 0.97 0.50 0.69 0.39 0.01 0.69 
0.14 0.34 0.96 0.01 0.93 0.07 0.80 0.37 0.73 0.35 0.15 0.17 0.41 0.85 0.82 0.87 0.73 0.53 0.69 0.43 
0.00 0.83 0.71 0.82 0.18 0.68 0.32 0.87 0.07 0.33 0.56 0.21 0.67 0.52 0.22 0.61 0.60 0.03 0.98 0.33 
0.38 0.13 0.50 0.79 0.99 0.32 0.66 0.72 0.84 0.35 0.15 0.85 0.18 0.86 0.67 0.36 0.54 0.99 0.23 0.61 
0.32 0.79 0.83 0.99 0.31 0.05 0.60 0.91 0.08 0.58 0.24 0.46 0.71 0.74 0.25 0.70 0.05 0.91 0.42 0.90 


0.26 0.58 0.74 0.44 0.44 0.41 0.79 0.98 0.39 0.02 0.60 0.71 0.81 0.42 0.70 0.12 0.47 0.30 0.03 0.55 
0.88 0.27 0.01 0.59 0.01 0.27 0.30 0.06 0.18 0.72 0.96 0.44 0.30 0.70 0.88 0.74 0.11 0.67 0.72 0.50 
0.69 0.32 0.22 0.50 0.74 0.92 0.63 0.22 0.22 0.66 0.77 0.10 0.93 0.78 0.70 0.94 0.05 0.99 0.00 0.23 
0.71 0.96 0.68 0.01 0.66 0.56 0.75 0.77 0.23 0.47 0.27 0.92 0.79 0.49 0.43 0.54 0.41 0.05 0.75 0.63 
0.71 0.52 0.73 0.65 0.30 0.42 0.59 0.35 0.42 0.59 0.58 0.13 0.55 0.26 0.14 0.22 0.81 0.89 0.99 0.04 
0.36 0.26 0.97 0.15 0.75 0.40 0.69 0.16 0.45 0.44 0.79 0.16 0.96 0.52 0.81 0.26 0.94 0.40 0.61 0.36 
0.99 0.19 0.48 0.55 0.45 0.62 0.76 0.26 0.51 0.75 0.31 0.87 0.01 0.28 0.03 0.76 0.67 0.72 0.92 0.12 
0.16 0.71 0.28 0.12 0.22 0.09 0.38 0.16 0.49 0.99 0.52 0.48 0.18 0.00 0.03 0.63 0.63 0.79 0.89 0.14 
0.54 0.20 0.02 0.54 0.48 0.04 0.31 0.15 0.77 0.23 0.27 0.93 0.93 0.56 0.05 0.16 0.65 0.43 0.32 0.14 
0.42 0.84 0.62 0.60 0.85 0.65 0.23 0.48 0.43 0.12 0.62 0.97 0.32 0.63 0.51 0.80 0.68 0.82 0.94 0.44 
0.04 0.22 0.37 0.98 0.77 0.42 0.14 0.42 0.85 0.46 0.56 0.27 0.30 0.18 0.87 0.15 0.82 0.10 0.63 0.26 
0.22 0.24 0.22 0.54 0.88 0.74 0.34 0.55 0.55 0.28 1.00 0.60 0.50 0.37 0.57 0.27 0.78 0.71 0.69 0.64 
0.17 0.25 0.91 0.47 0.43 0.78 0.62 0.26 0.88 0.24 0.51 0.10 0.49 0.74 0.65 0.36 0.47 0.99 0.92 0.03 
0.27 0.91 0.63 0.77 0.28 0.20 0.04 0.06 0.91 0.73 0.70 0.08 0.99 0.60 0.54 0.42 0.38 0.16 0.68 0.26 
0.41 0.19 0.37 0.90 0.93 0.02 0.26 0.40 0.00 0.18 0.43 0.28 0.09 0.06 0.05 0.37 0.26 0.09 0.43 0.17 
0.82 0.13 0.24 0.81 0.73 0.79 0.23 0.11 0.95 0.91 0.38 0.36 0.10 0.75 0.25 0.03 0.76 0.51 0.43 0.77 
0.69 0.86 0.04 0.78 0.92 0.09 0.14 0.18 0.18 0.57 0.35 0.00 0.70 0.59 0.81 0.42 0.37 0.04 0.54 0.32 
0.95 0.91 0.68 0.04 0.66 0.93 0.07 0.42 0.44 0.50 0.19 0.13 0.37 0.24 0.90 0.29 0.33 0.04 0.47 0.50 
0.61 0.82 0.50 0.31 0.40 0.31 0.73 0.78 0.35 0.27 0.10 0.30 0.18 0.78 0.35 0.84 0.71 0.42 0.27 0.15 
0.92 0.46 0.28 0.29 0.69 0.19 0.58 0.02 0.23 0.05 0.52 0.84 0.86 0.03 0.15 0.27 0.34 0.89 0.05 0.69 


0.16 0.15 1.00 0.34 0.93 0.34 0.19 0.64 0.76 0.45 0.80 0.68 0.91 0.08 0.97 0.61 0.26 0.55 0.62 0.49 
0.60 0.15 0.34 0.46 0.17 0.49 0.73 0.51 0.38 0.77 0.20 0.54 0.92 0.20 0.88 0.85 0.54 0.07 0.50 0.30 
0.52 0.29 0.99 0.43 0.37 0.96 0.04 0.63 0.50 0.66 0.13 0.10 0.81 0.47 0.56 0.98 0.96 0.29 0.49 0.34 
0.06 0.69 0.88 0.99 0.89 0.76 0.84 0.44 0.83 0.34 0.74 0.35 0.63 0.73 0.78 0.00 0.68 0.82 0.64 0.19 
0.48 0.76 0.29 0.29 0.23 0.85 0.27 0.19 0.14 0.76 0.53 0.20 0.45 0.41 0.19 0.35 0.17 0.03 0.79 0.00 
0.37 0.53 0.35 0.00 0.26 0.14 0.01 0.94 0.96 0.64 0.13 0.44 0.41 0.42 0.73 0.64 0.27 0.00 0.83 0.41 
0.76 0.36 0.61 0.21 0.76 0.80 0.56 0.94 0.84 0.35 0.94 0.21 0.87 0.29 0.21 0.13 0.43 0.21 0.07 0.39 
0.86 0.20 0.83 0.26 0.62 0.56 0.90 0.89 0.57 0.73 0.30 0.33 0.09 0.91 0.54 0.85 0.72 0.10 0.79 0.55 
0.45 0.72 0.76 0.32 0.01 0.97 0.45 0.44 0.18 0.52 0.83 0.04 0.72 0.66 0.30 0.34 0.22 0.21 0.23 0.79 
0.94 0.53 0.12 0.02 0.44 0.66 0.87 0.16 0.76 0.66 0.71 0.21 0.38 0.47 0.52 0.40 0.44 0.97 0.84 0.63 
0.49 0.67 0.67 0.21 0.32 0.97 0.54 0.54 0.18 0.77 0.33 0.12 0.30 0.45 0.14 0.74 0.11 0.01 0.90 0.87 
0.68 0.62 0.07 0.06 0.09 0.60 0.46 0.54 0.57 0.29 0.16 0.06 0.96 0.83 0.27 0.28 0.80 0.81 0.83 0.98 
0.58 0.16 0.10 0.88 0.61 0.24 0.62 0.72 0.25 0.53 0.59 0.93 0.14 0.66 0.99 0.24 0.26 0.45 0.78 0.83 
0.74 0.94 0.89 0.70 0.77 0.16 0.98 0.58 0.97 0.81 0.56 0.55 0.97 0.66 0.43 0.59 0.90 0.05 0.31 0.15 
0.57 0.90 0.08 0.72 0.56 0.07 0.96 0.82 0.51 0.73 0.66 0.25 0.67 0.55 0.95 0.44 0.71 0.94 0.02 0.68 
0.75 0.58 0.23 0.72 0.23 0.66 0.31 0.13 0.71 0.62 0.28 0.28 0.51 0.36 0.00 0.07 0.43 0.96 0.89 0.94 
0.69 0.55 0.19 0.36 0.10 0.15 0.80 0.81 0.08 0.82 0.49 0.83 0.39 0.72 0.56 0.62 0.38 0.87 0.75 0.09 
0.48 0.03 0.37 1.00 0.39 0.37 0.07 0.82 0.33 0.96 0.76 0.02 0.51 0.95 0.37 0.61 0.09 0.17 0.42 0.18 
0.99 0.91 0.01 0.38 0.63 0.57 0.01 0.02 0.43 0.76 0.11 0.92 0.79 0.48 0.91 0.18 0.85 0.98 0.00 0.18 
0.94 0.76 0.20 0.45 0.70 0.58 0.06 0.80 0.75 0.48 0.98 0.74 0.39 0.99 0.12 0.02 0.56 0.13 0.04 0.99 


0.89 0.15 0.91 0.68 0.63 0.82 0.86 0.48 0.80 0.87 0.67 0.74 0.62 0.87 0.19 0.33 0.44 0.25 0.12 0.19 
0.73 0.10 0.93 0.12 0.09 0.05 0.14 0.64 0.18 0.18 0.63 0.07 0.33 0.54 0.75 0.96 0.36 0.62 0.44 0.16 
0.48 0.11 0.90 0.10 0.97 0.09 0.43 0.42 0.34 0.56 0.61 0.07 0.66 0.54 0.20 0.75 0.59 0.34 0.39 0.78 
0.52 0.02 0.85 0.86 0.56 0.60 0.81 0.92 0.21 0.26 0.08 0.70 0.36 0.98 0.80 0.33 0.08 0.23 0.75 0.42 
0.79 0.36 0.50 0.44 0.90 0.69 0.19 0.49 0.03 0.58 0.27 0.56 0.60 0.12 0.41 0.17 0.71 0.23 0.09 0.93 
0.48 0.17 0.62 0.84 0.16 0.42 0.18 0.24 0.65 0.93 0.66 0.44 0.29 0.15 0.88 0.18 0.84 0.07 0.68 0.87 
0.65 0.95 0.43 0.25 0.06 0.84 0.42 0.77 0.07 0.51 0.70 0.55 0.68 0.33 0.39 0.84 0.75 0.57 0.08 0.41 
0.50 0.73 0.85 0.78 0.88 0.73 0.97 0.72 0.80 0.64 0.60 0.45 0.59 0.02 0.70 0.65 0.86 0.11 0.42 0.93 
0.62 0.13 0.48 0.30 0.45 0.87 0.14 0.20 0.44 0.22 0.61 0.93 0.95 0.46 0.71 0.83 0.18 0.68 0.55 0.98 
0.32 0.15 0.43 0.91 0.17 0.12 0.56 0.04 0.24 0.99 0.97 0.85 0.11 0.44 0.15 0.57 0.31 0.29 0.77 0.74 
0.51 0.38 0.68 0.46 0.84 0.39 0.29 0.02 0.07 0.84 0.00 0.39 0.99 0.43 0.30 0.16 0.56 0.87 0.20 0.79 
0.85 0.16 0.65 0.96 0.61 0.80 0.53 0.91 0.09 0.30 0.66 0.60 0.68 0.33 0.06 0.51 0.72 0.35 0.53 0.79 
0.19 0.54 0.18 0.18 0.97 0.49 0.34 0.52 0.36 0.54 0.32 0.21 0.70 0.96 0.17 0.31 0.76 0.70 0.22 0.86 
1.00 0.88 0.46 0.67 0.21 0.52 0.19 0.94 0.87 0.72 0.73 0.05 0.26 0.91 0.23 0.22 0.40 0.57 0.75 0.76 
0.11 0.06 0.96 0.81 0.02 0.13 0.12 0.78 0.83 0.34 0.64 0.83 0.22 0.10 0.50 0.44 0.62 0.69 0.37 0.49 
0.41 0.10 0.54 0.67 0.02 0.77 0.89 0.42 0.34 0.64 0.18 0.45 0.70 0.14 0.26 0.72 0.28 0.37 0.51 0.11 
0.71 0.15 0.94 0.93 0.25 0.44 0.37 0.87 0.13 0.74 0.36 0.54 0.85 0.91 0.21 0.86 0.68 0.11 0.28 0.02 
0.74 0.46 0.47 0.44 0.60 0.73 0.16 0.88 0.10 0.67 0.99 0.81 0.81 0.92 0.74 0.06 0.36 0.11 0.93 0.49 
0.86 0.29 0.04 0.70 0.20 0.25 0.56 0.88 0.36 0.85 0.90 0.10 0.31 0.37 0.55 0.91 0.10 0.71 0.79 0.20 
0.38 0.77 0.01 0.19 0.70 0.75 0.26 0.06 0.86 0.19 0.55 0.72 0.48 0.59 0.42 0.68 0.84 0.99 0.56 0.20 


0.83 0.46 0.30 0.14 0.84 0.85 0.05 0.94 0.56 0.84 0.14 0.94 0.61 0.15 0.13 0.31 0.90 0.39 0.37 0.76 
0.58 0.92 0.48 0.06 0.51 0.90 0.74 0.35 0.89 0.30 0.55 0.72 0.76 0.85 0.87 0.60 0.70 0.92 0.54 0.26 
0.76 0.68 0.19 0.37 0.82 0.33 0.68 0.72 0.71 0.05 0.48 0.29 0.97 0.96 0.35 0.48 0.87 0.09 0.83 0.76 
0.39 0.37 0.48 0.15 0.22 0.35 0.75 0.92 0.26 0.29 0.18 0.02 0.97 0.37 0.39 0.79 0.70 0.07 0.51 0.41 
0.12 1.00 0.70 0.09 0.96 0.04 0.57 0.83 0.13 0.40 0.58 0.52 0.77 0.07 0.66 0.99 0.41 0.42 0.92 0.67 
0.71 0.09 0.69 0.67 0.46 0.08 0.47 0.16 0.16 0.98 0.57 0.28 0.98 0.27 0.37 0.94 0.32 0.94 0.76 0.45 
0.34 0.35 0.96 0.11 0.41 0.62 0.11 0.82 0.04 0.02 0.50 0.75 0.12 0.19 0.42 0.58 0.27 0.89 0.74 0.43 
0.87 0.31 0.71 0.84 0.58 0.08 0.78 0.90 0.02 0.54 0.35 0.36 0.89 0.31 0.47 0.30 0.93 0.58 0.12 0.97 
0.60 0.62 0.72 0.72 0.81 0.14 0.30 0.09 0.03 0.04 0.52 0.89 0.35 0.23 0.74 0.94 0.30 0.52 0.84 0.32 
0.06 0.18 0.68 0.95 0.49 0.15 0.25 0.42 0.73 0.37 0.39 0.33 0.99 0.11 0.05 0.81 0.24 0.35 0.89 0.27 
0.38 0.41 0.17 0.74 0.64 0.90 0.67 0.94 0.42 0.51 0.26 0.48 0.69 0.94 0.43 0.18 0.10 0.68 0.60 0.83 
0.05 0.99 0.16 0.04 0.09 0.21 0.85 0.34 0.55 0.74 0.61 0.94 0.15 0.78 0.67 0.79 0.68 0.35 0.73 0.10 
0.86 0.99 0.59 0.55 0.93 0.02 0.73 0.03 0.69 0.33 0.85 0.74 0.32 0.01 0.78 0.41 0.22 0.63 0.75 0.77 
0.37 0.36 0.71 0.52 0.14 0.38 0.31 0.82 0.73 0.04 0.93 0.58 0.03 0.51 0.14 0.96 0.53 0.87 0.99 0.22 
0.20 0.84 0.96 0.52 0.85 0.74 0.93 0.07 0.37 0.68 0.84 0.74 0.05 0.55 0.26 0.19 0.93 0.57 0.01 0.66 
0.61 0.94 0.24 0.64 0.45 0.38 0.60 0.97 0.24 0.59 0.19 0.44 0.43 0.15 0.96 0.28 0.89 0.89 0.36 0.26 
0.57 0.20 0.00 0.62 0.75 0.26 0.81 0.68 0.84 0.82 0.34 0.44 0.76 0.58 0.08 0.21 0.96 0.68 0.18 0.20 
0.27 0.38 0.64 0.70 0.53 0.60 0.98 0.42 0.49 0.33 0.69 0.06 0.53 0.69 0.68 0.28 0.96 0.49 0.96 0.79 
0.32 0.30 0.24 0.08 0.88 0.32 0.28 0.84 1.00 0.46 0.04 0.26 0.84 0.68 0.96 0.37 0.28 0.94 0.79 0.77 
0.27 0.48 0.83 0.81 0.17 0.51 0.09 0.12 0.00 0.05 0.92 0.32 0.36 0.15 0.40 0.24 0.47 0.68 0.08 0.47 


0.14 0.12 0.74 0.98 0.80 0.70 0.35 0.08 0.63 0.14 0.85 0.91 0.61 0.67 0.71 0.78 0.18 0.80 0.91 0.19 
0.86 0.82 0.51 0.21 0.98 0.90 0.45 0.45 0.58 0.53 0.92 0.72 0.65 0.66 0.70 0.45 0.35 0.05 0.53 0.98 
0.18 0.38 0.89 0.80 0.05 0.60 0.58 0.24 0.40 0.48 0.42 0.26 0.31 0.93 0.47 0.28 0.83 0.93 0.73 0.41 
0.46 0.65 0.13 0.12 0.31 0.83 0.57 0.66 0.87 0.10 0.64 0.06 0.48 0.53 0.85 0.54 0.13 0.43 0.77 0.54 
0.91 0.20 0.80 0.22 0.12 0.27 0.51 0.96 0.20 0.24 0.37 0.66 0.89 0.49 0.77 0.20 0.32 0.34 0.86 0.20 
0.45 0.51 0.26 0.93 0.04 0.11 0.47 0.17 0.54 0.24 0.71 0.45 0.44 0.51 0.68 0.57 0.78 0.18 0.52 0.98 
0.42 0.89 0.63 0.32 0.38 0.41 0.52 0.70 0.75 0.38 0.90 0.20 0.89 0.16 0.14 0.93 0.27 0.61 0.10 0.80 
0.85 0.82 0.26 0.29 0.32 0.93 0.86 0.10 0.12 0.38 0.08 0.54 0.26 0.71 0.86 0.65 0.12 0.38 0.35 0.87 
0.77 0.25 0.07 0.66 0.41 0.21 0.59 0.68 0.82 0.69 0.48 0.67 0.51 0.74 0.96 0.83 0.67 0.82 0.94 0.79 
0.19 0.01 0.33 0.46 0.73 0.19 0.10 0.85 0.57 0.45 0.72 0.34 0.71 0.79 1.00 0.12 0.00 0.59 0.79 0.82 
0.28 0.28 0.48 0.78 0.02 0.44 0.62 0.69 0.26 0.55 0.48 0.45 0.57 0.81 0.91 0.29 0.01 0.01 0.14 0.58 
0.47 0.86 0.92 0.17 0.65 0.92 0.29 0.65 0.50 0.09 0.47 0.78 0.36 0.95 0.56 0.38 0.40 0.18 0.07 0.66 
0.73 0.55 0.11 0.30 0.37 0.02 0.59 0.37 0.03 0.73 0.95 0.50 0.58 0.87 0.67 0.23 0.79 0.97 0.88 0.29 
0.05 0.35 0.07 0.41 0.31 0.63 0.79 0.70 0.81 0.86 0.36 0.54 0.42 0.47 0.84 0.78 0.49 0.43 0.16 0.52 
0.16 0.11 0.02 0.74 0.98 0.70 0.98 0.76 0.66 0.86 0.05 0.71 0.22 0.12 0.13 0.52 0.75 0.92 0.23 0.56 
0.78 0.59 0.11 0.20 0.06 0.95 0.98 0.55 0.38 0.14 0.07 0.54 0.24 0.09 0.29 0.22 0.78 0.26 0.98 0.45 
0.12 0.03 0.16 0.34 0.15 0.28 0.86 0.90 0.20 0.09 0.46 0.98 0.68 0.57 0.18 0.74 0.52 0.17 0.28 0.90 
0.30 0.35 0.44 0.55 0.44 0.73 0.77 0.22 0.99 0.75 0.67 0.11 0.78 0.82 0.45 0.93 0.11 0.32 0.83 0.31 
0.41 0.29 0.29 0.09 0.86 0.48 0.83 0.38 0.64 0.11 0.28 0.95 0.46 0.72 0.49 0.90 0.45 0.26 0.12 0.44 
0.01 0.78 0.55 0.78 0.61 0.01 0.71 0.71 0.33 0.54 0.02 0.74 0.84 0.32 0.83 0.70 0.79 0.65 0.08 0.44 


0.77 0.37 0.38 0.23 0.09 0.87 0.12 0.54 0.13 0.24 0.98 0.14 0.03 0.53 0.92 0.63 0.54 0.64 0.35 0.87 
0.18 0.37 0.60 0.02 0.69 0.43 0.72 0.48 0.08 0.80 0.92 0.85 0.16 0.30 0.07 0.25 0.18 0.20 0.79 0.31 
0.44 0.77 0.45 0.47 0.31 0.37 0.10 0.85 0.01 0.45 0.72 0.19 0.82 0.32 0.20 0.51 0.75 0.92 1.00 0.83 
0.72 0.92 0.68 0.88 0.22 0.75 0.14 0.40 0.95 0.93 0.71 0.39 0.70 0.16 0.85 0.01 0.53 0.96 0.86 0.54 
0.41 0.58 0.72 0.23 0.89 0.92 0.75 0.64 0.84 0.74 0.47 0.56 0.66 0.14 0.44 0.88 0.89 0.58 0.27 0.84 
0.51 0.98 0.22 0.21 0.14 0.08 0.22 0.66 0.04 0.08 0.20 0.44 0.66 0.92 0.68 0.55 0.85 0.42 0.19 0.69 
0.16 0.66 0.25 0.82 0.80 0.69 0.70 0.69 0.27 0.97 0.53 0.77 0.95 0.76 0.99 0.09 0.84 0.21 0.75 0.87 
0.30 0.95 0.31 0.96 0.88 0.99 0.51 0.72 0.41 0.70 0.41 0.57 0.36 0.66 0.39 0.16 0.35 0.09 0.86 0.62 
0.07 0.39 0.39 0.02 0.15 0.38 0.11 0.98 0.59 0.87 0.85 0.88 0.82 0.17 0.84 0.70 0.15 0.35 0.42 0.56 
0.05 0.83 0.14 0.41 0.49 0.53 0.57 0.84 0.62 0.43 0.46 0.69 0.82 0.85 0.71 0.97 0.23 0.82 0.95 0.82 
0.69 0.80 0.70 0.51 0.97 0.54 0.20 0.12 0.89 0.62 0.68 0.94 0.46 0.82 0.35 0.95 0.35 0.92 0.79 0.97 
0.36 0.25 0.66 0.18 0.10 0.37 0.15 0.33 0.19 0.10 0.15 0.88 0.90 0.85 0.39 0.86 0.40 0.59 0.98 0.29 
0.21 0.67 0.23 0.67 0.49 0.58 0.61 0.84 0.50 0.41 0.81 0.86 0.66 0.47 0.04 0.76 0.84 0.18 0.10 0.03 
0.28 0.25 0.91 0.18 0.10 0.30 0.04 0.50 0.89 0.03 0.79 0.10 0.70 0.01 0.77 0.18 0.59 0.38 0.02 0.09 
0.79 0.83 0.95 0.45 0.30 0.99 0.21 0.14 0.17 0.31 0.17 0.45 0.56 0.08 0.63 0.66 0.38 0.68 0.16 0.27 
0.70 0.95 0.37 0.40 0.96 0.13 0.58 0.55 0.51 0.60 0.64 0.30 0.42 0.59 0.75 0.72 0.58 0.96 0.86 0.75 
0.27 0.03 0.21 0.83 0.11 0.84 0.50 0.49 0.51 0.66 0.76 0.22 0.61 0.13 0.61 0.57 0.26 0.19 0.12 0.78 
0.79 0.76 0.08 0.22 0.35 0.83 0.94 0.93 0.79 0.79 0.69 0.07 0.82 0.89 0.90 0.93 0.73 0.40 0.42 0.25 
0.06 0.18 0.46 0.66 0.31 0.08 0.23 0.57 0.27 0.35 0.34 0.06 0.11 0.42 0.28 0.47 0.25 0.22 0.40 0.05 
0.01 0.08 0.11 0.83 0.98 0.01 0.76 0.71 0.41 0.17 0.95 0.46 0.35 0.42 0.13 0.66 0.49 0.36 0.22 0.76 


0.71 0.57 0.82 0.82 0.99 0.10 0.29 0.25 0.32 0.69 0.29 0.33 0.77 0.41 0.15 0.75 0.42 0.91 0.46 0.82 
0.08 0.41 0.29 0.43 0.83 0.41 0.09 0.32 0.77 0.31 0.08 0.49 0.88 0.91 0.31 0.87 0.01 0.60 0.12 0.33 
0.29 0.41 0.66 0.06 0.82 0.81 0.81 0.24 0.72 0.27 0.06 0.80 0.68 0.35 0.24 0.51 0.76 0.33 0.83 0.54 
0.64 0.92 0.02 0.52 0.82 0.33 0.40 0.84 0.93 0.52 0.17 0.22 0.93 0.82 0.29 0.75 0.63 0.10 0.99 0.35 
0.37 0.05 0.15 0.05 0.40 0.39 0.56 0.16 0.71 0.39 0.70 0.35 0.31 0.72 0.88 0.13 0.05 0.27 0.97 0.99 
0.79 0.14 0.21 0.72 0.96 0.50 0.48 0.59 0.60 0.47 0.94 0.97 0.52 0.09 0.02 0.92 0.47 0.58 0.08 0.18 
0.98 0.78 0.54 0.29 0.50 0.41 0.42 0.56 0.69 0.39 0.54 0.48 0.53 0.76 0.20 0.48 0.26 0.68 0.07 0.86 
0.14 0.01 0.83 0.66 0.09 0.85 0.57 0.56 0.43 0.65 0.75 0.41 0.43 0.29 0.70 0.93 0.70 0.11 0.49 0.38 
0.50 0.03 0.86 0.03 0.79 0.06 0.51 0.05 0.74 0.58 0.90 0.88 0.59 0.73 0.54 0.68 0.58 0.11 0.24 0.01 
0.76 0.99 0.42 0.20 0.28 0.11 0.13 0.98 0.23 0.62 0.36 0.73 0.66 0.22 0.76 0.45 0.28 0.27 0.49 0.02 
0.85 0.40 0.90 0.44 0.12 0.44 0.12 0.70 0.55 0.36 0.71 0.31 0.36 0.12 0.51 0.63 0.23 0.64 0.61 0.46 
0.26 0.97 0.19 0.92 0.19 0.95 0.37 0.48 0.22 0.86 0.50 0.08 0.26 0.40 0.52 0.38 0.84 0.63 0.08 0.39 
1.00 0.79 0.70 0.35 0.91 0.21 0.99 0.15 0.86 0.60 0.61 0.12 0.57 0.80 0.04 0.76 0.75 0.40 0.24 0.97 
0.26 0.74 0.05 0.52 0.13 0.56 0.90 0.97 0.20 0.98 0.36 0.19 0.77 0.06 0.55 0.68 0.27 0.53 0.83 0.13 
0.13 0.44 0.25 0.70 0.23 0.29 0.46 0.98 0.69 0.70 0.95 0.95 0.44 1.00 0.47 0.57 0.56 0.37 0.54 0.76 
0.35 0.90 0.95 0.12 0.96 0.50 0.81 0.23 0.03 0.63 0.36 0.17 0.07 0.61 0.87 0.30 0.89 0.33 0.28 0.58 
0.04 0.24 0.54 0.48 0.23 0.01 0.05 0.80 0.38 0.59 0.55 0.73 0.50 0.51 0.86 0.46 0.01 0.66 0.69 0.04 
0.30 0.05 0.21 0.37 0.65 0.08 0.67 0.54 0.41 0.96 0.12 0.44 0.19 0.66 0.92 0.43 0.67 0.97 0.22 0.05 
0.56 0.78 0.78 0.06 0.29 0.64 0.52 0.29 0.30 0.20 0.34 0.60 0.25 0.54 0.97 0.90 0.62 0.64 0.44 0.03 
0.60 0.56 0.47 0.79 0.22 0.39 0.22 0.89 0.36 0.44 0.93 0.93 0.22 0.72 0.99 0.51 0.35 0.50 0.80 0.66